SFMTA_API_KEY=
LAT=37.7794933
LONG=-122.4175915
PORT=3000